0 458
1 237
2 147
3 452
4 82
5 475
6 78
7 364
8 50
9 89
10 15
11 345
12 195
13 223
14 345
15 90
16 206
17 368
18 199
19 56
20 441
21 293
22 217
23 489
24 287
25 123
26 291
27 48
28 321
29 333
30 80
31 166
32 2
33 238
34 310
35 480
36 286
37 176
38 245
39 150
40 142
41 136
42 481
43 196
44 438
45 265
46 206
47 392
48 30
49 371
50 75
51 367
52 209
53 367
54 320
55 382
56 138
57 341
58 444
59 246
60 266
61 447
62 97
63 340
64 201
65 14
66 114
67 12
68 489
69 464
70 114
71 35
72 7
73 150
74 133
75 274
76 162
77 202
78 82
79 13
80 123
81 359
82 363
83 75
84 94
85 287
86 314
87 275
88 75
89 120
90 476
91 258
92 155
93 266
94 209
95 3
96 408
97 496
98 232
99 378
100 56
101 288
102 17
103 311
104 21
105 301
106 67
107 481
108 411
109 251
110 217
111 222
112 484
113 239
114 360
115 34
116 130
117 40
118 122
119 17
120 219
121 10
122 213
123 219
124 125
125 413
126 76
127 304
128 164
129 288
130 128
131 31
132 477
133 465
134 463
135 128
136 495
137 129
138 357
139 236
140 206
141 21
142 121
143 257
144 236
145 381
146 315
147 431
148 99
149 252
150 429
151 343
152 377
153 325
154 386
155 105
156 129
157 189
158 309
159 172
160 402
161 461
162 459
163 330
164 24
165 215
166 272
167 103
168 153
169 50
170 249
171 368
172 317
173 85
174 203
175 418
176 453
177 325
178 239
179 229
180 341
181 426
182 87
183 437
184 417
185 18
186 177
187 472
188 115
189 470
190 303
191 66
192 185
193 56
194 138
195 260
196 483
197 58
198 442
199 10
200 313
201 276
202 28
203 269
204 217
205 152
206 126
207 171
208 206
209 282
210 166
211 222
212 116
213 185
214 337
215 306
216 310
217 392
218 169
219 218
220 165
221 444
222 64
223 270
224 154
225 51
226 298
227 392
228 301
229 279
230 438
231 233
232 39
233 260
234 203
235 281
236 189
237 207
238 20
239 273
240 158
241 394
242 66
243 377
244 404
245 239
246 270
247 123
248 270
249 203
250 491
251 150
252 153
253 118
254 337
255 277
256 93
257 102
258 249
259 428
260 239
261 381
262 412
263 134
264 458
265 165
266 418
267 80
268 443
269 252
270 391
271 124
272 280
273 195
274 227
275 211
276 289
277 215
278 68
279 302
280 437
281 110
282 37
283 120
284 389
285 418
286 60
287 452
288 192
289 248
290 397
291 419
292 333
293 474
294 419
295 288
296 122
297 326
298 385
299 106
300 418
301 187
302 229
303 80
304 51
305 127
306 418
307 389
308 325
309 172
310 28
311 416
312 362
313 396
314 489
315 225
316 107
317 198
318 259
319 166
320 190
321 425
322 418
323 84
324 371
325 175
326 80
327 46
328 312
329 333
330 106
331 83
332 144
333 250
334 181
335 408
336 161
337 485
338 25
339 196
340 283
341 491
342 187
343 324
344 110
345 272
346 459
347 401
348 385
349 122
350 29
351 486
352 49
353 170
354 286
355 45
356 243
357 361
358 100
359 301
360 23
361 6
362 141
363 174
364 64
365 326
366 476
367 435
368 161
369 36
370 374
371 409
372 267
373 414
374 247
375 459
376 250
377 120
378 390
379 231
380 290
381 121
382 407
383 306
384 341
385 46
386 392
387 216
388 373
389 379
390 228
391 298
392 301
393 204
394 91
395 498
396 191
397 225
398 77
399 262
400 215
401 139
402 264
403 26
404 322
405 107
406 154
407 248
408 16
409 483
410 45
411 264
412 40
413 50
414 412
415 220
416 255
417 54
418 306
419 469
420 237
421 336
422 403
423 135
424 135
425 310
426 273
427 448
428 122
429 488
430 5
431 350
432 224
433 475
434 360
435 496
436 325
437 58
438 267
439 260
440 281
441 423
442 375
443 376
444 153
445 223
446 156
447 494
448 139
449 434
450 345
451 443
452 217
453 437
454 23
455 5
456 239
457 359
458 53
459 363
460 144
461 362
462 439
463 469
464 262
465 19
466 258
467 319
468 1
469 92
470 204
471 87
472 143
473 165
474 266
475 70
476 300
477 75
478 333
479 463
480 103
481 10
482 113
483 279
484 51
485 3
486 333
487 90
488 164
489 246
490 70
491 397
492 38
493 203
494 300
495 492
496 273
497 23
498 234
499 416
500 79
501 271
502 324
503 417
504 93
505 85
506 482
507 385
508 190
509 37
510 265
511 209
512 288
513 358
514 4
515 284
516 105
517 246
518 135
519 500
520 318
521 393
522 270
523 440
524 496
525 363
526 125
527 37
528 443
529 369
530 441
531 230
532 282
533 143
534 252
535 250
536 382
537 282
538 358
539 385
540 50
541 242
542 432
543 255
544 286
545 49
546 315
547 215
548 182
549 339
550 28
551 432
552 344
553 305
554 11
555 230
556 214
557 467
558 63
559 429
560 338
561 357
562 119
563 181
564 403
565 122
566 188
567 393
568 152
569 434
570 383
571 386
572 197
573 422
574 293
575 284
576 357
577 346
578 368
579 414
580 304
581 60
582 68
583 308
584 371
585 330
586 387
587 72
588 318
589 346
590 206
591 358
592 344
593 79
594 313
595 21
596 465
597 400
598 438
599 108
600 217
601 372
602 332
603 306
604 238
605 313
606 225
607 379
608 424
609 448
610 276
611 420
612 197
613 177
614 415
615 353
616 225
617 209
618 361
619 162
620 357
621 498
622 452
623 455
624 311
625 229
626 447
627 277
628 151
629 187
630 245
631 421
632 173
633 183
634 199
635 443
636 472
637 385
638 100
639 362
640 382
641 345
642 69
643 292
644 17
645 271
646 135
647 36
648 488
649 55
650 172
651 245
652 177
653 263
654 237
655 443
656 117
657 464
658 231
659 443
660 253
661 379
662 315
663 309
664 147
665 54
666 92
667 277
668 113
669 291
670 250
671 335
672 215
673 100
674 495
675 235
676 320
677 392
678 58
679 28
680 236
681 241
682 150
683 292
684 248
685 314
686 381
687 178
688 164
689 14
690 139
691 293
692 421
693 29
694 308
695 233
696 347
697 104
698 471
699 157
700 248
701 422
702 355
703 382
704 281
705 417
706 3
707 196
708 210
709 456
710 197
711 336
712 222
713 401
714 371
715 117
716 320
717 86
718 339
719 13
720 482
721 94
722 260
723 52
724 268
725 425
726 185
727 285
728 230
729 482
730 407
731 11
732 286
733 333
734 227
735 9
736 11
737 259
738 319
739 325
740 305
741 288
742 201
743 276
744 371
745 307
746 12
747 289
748 281
749 461
750 394
751 269
752 122
753 418
754 56
755 41
756 285
757 239
758 177
759 368
760 359
761 429
762 353
763 494
764 146
765 333
766 190
767 312
768 43
769 139
770 169
771 25
772 456
773 81
774 56
775 338
776 4
777 166
778 109
779 294
780 282
781 359
782 378
783 380
784 45
785 330
786 338
787 372
788 367
789 311
790 27
791 330
792 198
793 434
794 229
795 272
796 469
797 494
798 301
799 69
800 227
801 198
802 431
803 82
804 415
805 309
806 54
807 429
808 488
809 102
810 211
811 305
812 197
813 321
814 415
815 318
816 337
817 119
818 15
819 34
820 454
821 445
822 85
823 66
824 268
825 58
826 483
827 100
828 437
829 358
830 53
831 202
832 438
833 95
834 411
835 470
836 112
837 160
838 219
839 92
840 333
841 3
842 236
843 302
844 465
845 167
846 361
847 262
848 132
849 187
850 368
851 462
852 464
853 498
854 320
855 151
856 48
857 323
858 277
859 308
860 326
861 445
862 79
863 450
864 20
865 43
866 216
867 183
868 63
869 116
870 268
871 31
872 98
873 319
874 497
875 184
876 125
877 53
878 388
879 330
880 35
881 418
882 426
883 374
884 415
885 29
886 201
887 71
888 221
889 195
890 472
891 67
892 74
893 416
894 80
895 207
896 48
897 137
898 199
899 422
900 265
901 98
902 159
903 59
904 27
905 130
906 310
907 434
908 96
909 233
910 228
911 275
912 410
913 201
914 115
915 478
916 446
917 95
918 340
919 423
920 344
921 363
922 8
923 445
924 197
925 387
926 43
927 168
928 307
929 442
930 245
931 258
932 313
933 308
934 82
935 25
936 28
937 237
938 88
939 434
940 116
941 379
942 285
943 449
944 252
945 447
946 408
947 373
948 229
949 321
950 409
951 343
952 493
953 416
954 144
955 175
956 298
957 366
958 411
959 394
960 457
961 369
962 329
963 423
964 82
965 455
966 416
967 99
968 395
969 297
970 189
971 292
972 309
973 29
974 60
975 384
976 130
977 5
978 134
979 125
980 493
981 181
982 394
983 260
984 418
985 39
986 176
987 103
988 129
989 197
990 479
991 404
992 107
993 57
994 365
995 311
996 68
997 32
998 100
999 288
